Red,Green,Blue
0.464,0.298,0.237
0.461,0.300,0.239
0.459,0.302,0.239
0.456,0.304,0.241
0.454,0.303,0.243
0.453,0.304,0.243
0.455,0.301,0.244
0.456,0.300,0.244
0.460,0.297,0.243
0.464,0.293,0.243
0.468,0.289,0.243
0.473,0.286,0.241
0.478,0.283,0.239
0.482,0.278,0.240
0.486,0.274,0.240
0.490,0.269,0.241
0.492,0.264,0.244
0.494,0.262,0.244
0.494,0.261,0.245
0.494,0.261,0.245
0.494,0.260,0.246
0.494,0.260,0.246
0.495,0.259,0.247
0.495,0.259,0.246
0.495,0.260,0.245
0.495,0.261,0.244
0.493,0.263,0.244
0.493,0.264,0.243
0.492,0.266,0.242
0.493,0.266,0.241
0.494,0.266,0.240
0.495,0.266,0.240
0.494,0.266,0.240
0.494,0.266,0.239
0.493,0.268,0.239
0.491,0.269,0.240
0.490,0.271,0.239
0.488,0.272,0.239
0.486,0.275,0.239
0.486,0.275,0.239
0.485,0.276,0.239
0.485,0.277,0.238
0.485,0.277,0.237
0.487,0.276,0.237
0.488,0.276,0.237
0.490,0.275,0.236
0.492,0.273,0.236
0.493,0.272,0.235
0.495,0.270,0.235
0.497,0.269,0.234
0.499,0.268,0.233
0.501,0.268,0.232
0.503,0.265,0.232
0.506,0.262,0.233
0.509,0.259,0.233
0.511,0.257,0.232
0.512,0.256,0.232
0.514,0.256,0.230
0.513,0.260,0.227
0.512,0.265,0.223
0.510,0.273,0.217
0.505,0.283,0.212
0.501,0.287,0.212
0.501,0.281,0.218
0.499,0.276,0.225
0.497,0.274,0.229
0.492,0.275,0.233
0.485,0.281,0.234
0.480,0.285,0.236
0.475,0.288,0.237
0.469,0.294,0.237
0.462,0.299,0.239
0.455,0.309,0.236
0.450,0.317,0.233
0.450,0.318,0.231
0.453,0.318,0.230
0.456,0.315,0.229
0.456,0.314,0.230
0.459,0.313,0.228
0.461,0.312,0.227
0.466,0.306,0.228
0.470,0.303,0.228
0.471,0.301,0.228
0.475,0.293,0.231
0.475,0.294,0.231
0.475,0.297,0.229
0.474,0.294,0.231
0.472,0.298,0.230
0.471,0.298,0.231
0.472,0.298,0.231
0.472,0.297,0.231
0.474,0.295,0.231
0.477,0.291,0.232
0.480,0.286,0.234
0.486,0.279,0.235
0.492,0.273,0.235
0.497,0.271,0.232
0.499,0.273,0.228
0.501,0.281,0.219
0.501,0.287,0.212
0.503,0.284,0.213
0.505,0.280,0.215
0.506,0.277,0.217
0.506,0.277,0.217
0.506,0.275,0.219
0.507,0.271,0.222
0.506,0.270,0.224
0.505,0.265,0.229
0.504,0.262,0.235
0.501,0.263,0.236
0.498,0.264,0.238
0.497,0.264,0.239
0.498,0.263,0.239
0.498,0.261,0.241
0.497,0.260,0.243
0.496,0.259,0.245
0.495,0.256,0.249
0.496,0.251,0.253
0.497,0.247,0.256
0.497,0.244,0.259
0.496,0.243,0.261
0.494,0.243,0.263
0.489,0.244,0.268
0.484,0.245,0.271
0.483,0.247,0.270
0.484,0.250,0.265
0.487,0.254,0.259
0.489,0.257,0.254
0.491,0.259,0.250
0.492,0.260,0.248
0.492,0.260,0.247
0.492,0.261,0.247
0.491,0.262,0.247
0.490,0.262,0.248
0.487,0.262,0.251
0.485,0.261,0.254
0.482,0.261,0.257
0.479,0.260,0.261
0.476,0.261,0.263
0.476,0.261,0.263
0.476,0.260,0.264
0.478,0.257,0.265
0.481,0.253,0.266
0.485,0.248,0.267
0.487,0.246,0.267
0.489,0.244,0.267
0.491,0.243,0.267
0.493,0.241,0.265
0.496,0.241,0.264
0.498,0.240,0.262
0.499,0.240,0.261
0.500,0.240,0.260
0.500,0.240,0.260
0.502,0.239,0.259
0.504,0.239,0.257
0.504,0.240,0.256
0.503,0.242,0.255
0.501,0.243,0.255
0.499,0.246,0.255
0.497,0.248,0.255
0.494,0.249,0.256
0.494,0.250,0.256
0.494,0.250,0.256
0.494,0.249,0.257
0.495,0.249,0.256
0.495,0.249,0.257
0.495,0.249,0.256
0.495,0.249,0.256
0.494,0.250,0.256
0.493,0.250,0.257
0.493,0.250,0.257
0.493,0.251,0.257
0.493,0.251,0.257
0.494,0.251,0.256
0.495,0.251,0.255
0.496,0.251,0.253
0.498,0.253,0.249
0.499,0.253,0.248
0.499,0.254,0.247
0.500,0.254,0.246
0.499,0.254,0.247
0.499,0.254,0.247
0.500,0.254,0.247
0.500,0.255,0.245
0.500,0.255,0.245
0.499,0.255,0.245
0.499,0.256,0.245
0.499,0.256,0.245
0.499,0.256,0.245
0.498,0.257,0.245
0.498,0.257,0.245
0.498,0.258,0.244
0.498,0.258,0.244
0.498,0.258,0.245
0.497,0.257,0.246
0.496,0.257,0.247
0.495,0.256,0.249
0.496,0.255,0.250
0.496,0.253,0.250
0.497,0.254,0.250
0.498,0.254,0.248
0.500,0.254,0.246
0.501,0.254,0.245
0.503,0.253,0.244
0.503,0.254,0.243
0.503,0.254,0.242
0.503,0.254,0.242
0.503,0.254,0.243
0.503,0.253,0.244
0.503,0.252,0.245
0.504,0.250,0.245
0.504,0.250,0.246
0.505,0.249,0.246
0.504,0.250,0.246
0.501,0.250,0.249
0.496,0.252,0.252
0.493,0.254,0.253
0.493,0.257,0.250
0.494,0.260,0.246
0.494,0.263,0.243
0.496,0.261,0.242
0.502,0.257,0.241
0.507,0.252,0.241
0.510,0.249,0.240
0.512,0.248,0.241
0.515,0.245,0.240
0.516,0.244,0.240
0.517,0.244,0.239
0.519,0.243,0.238
0.520,0.243,0.237
0.520,0.243,0.237
0.521,0.243,0.236
0.521,0.243,0.236
0.521,0.243,0.235
0.521,0.244,0.235
0.521,0.246,0.232
0.520,0.249,0.231
0.518,0.255,0.227
0.516,0.260,0.224
0.513,0.265,0.222
0.512,0.265,0.223
0.511,0.265,0.224
0.511,0.264,0.225
0.511,0.264,0.225
0.511,0.261,0.227
0.511,0.262,0.226
0.511,0.262,0.227
0.510,0.262,0.228
0.509,0.264,0.228
0.509,0.263,0.228
0.509,0.261,0.230
0.509,0.260,0.231
0.509,0.259,0.232
0.510,0.259,0.231
0.511,0.260,0.230
0.511,0.261,0.228
0.512,0.261,0.227
0.513,0.262,0.225
0.513,0.262,0.226
0.514,0.260,0.226
0.513,0.257,0.230
0.513,0.254,0.233
0.511,0.253,0.236
0.509,0.253,0.238
0.505,0.255,0.241
0.499,0.258,0.243
0.495,0.260,0.245
0.494,0.259,0.247
0.494,0.259,0.248
0.493,0.258,0.249
0.493,0.258,0.249
0.494,0.258,0.247
0.498,0.257,0.245
0.508,0.251,0.241
0.517,0.246,0.237
0.524,0.246,0.231
0.526,0.251,0.223
0.525,0.257,0.218
0.524,0.264,0.212
0.522,0.267,0.210
0.522,0.268,0.210
0.519,0.271,0.209
0.516,0.274,0.209
0.510,0.281,0.209
0.505,0.286,0.209
0.508,0.279,0.213
0.512,0.272,0.216
0.500,0.289,0.210
0.500,0.287,0.213
0.501,0.282,0.218
0.501,0.273,0.227
0.498,0.270,0.231
0.498,0.273,0.229
0.498,0.276,0.225
0.499,0.281,0.220
0.499,0.286,0.215
0.500,0.290,0.210
0.503,0.292,0.206
0.505,0.291,0.204
0.509,0.288,0.203
0.512,0.285,0.203
0.513,0.283,0.204
0.509,0.287,0.204
0.505,0.290,0.205
0.502,0.291,0.207
0.499,0.291,0.210
0.499,0.286,0.215
0.499,0.282,0.219
0.496,0.282,0.222
0.497,0.285,0.218
0.501,0.285,0.214
0.511,0.268,0.221
0.516,0.251,0.233
0.506,0.255,0.239
0.488,0.267,0.245
0.473,0.270,0.257
0.455,0.266,0.279
0.438,0.265,0.297
0.431,0.266,0.303
0.422,0.271,0.307
0.423,0.277,0.299
0.428,0.277,0.295
0.429,0.280,0.291
0.425,0.281,0.294
0.428,0.279,0.293
0.435,0.279,0.286
0.443,0.280,0.278
0.442,0.280,0.278
0.447,0.278,0.275
0.450,0.271,0.279
0.447,0.267,0.286
0.443,0.264,0.292
0.432,0.264,0.303
0.417,0.271,0.312
0.402,0.286,0.311
0.393,0.308,0.299
0.394,0.314,0.292
0.395,0.313,0.293
0.396,0.304,0.300
0.400,0.294,0.306
0.402,0.293,0.305
0.405,0.294,0.301
0.408,0.297,0.295
0.408,0.300,0.292
0.407,0.305,0.289
0.405,0.308,0.287
0.404,0.317,0.279
0.408,0.329,0.263
0.413,0.334,0.252
0.420,0.333,0.247
0.425,0.330,0.245
0.430,0.327,0.242
0.435,0.326,0.240
0.447,0.317,0.236
0.455,0.310,0.235
0.459,0.305,0.236
0.460,0.305,0.235
0.457,0.307,0.236
0.451,0.312,0.237
0.449,0.313,0.239
0.449,0.310,0.241
0.449,0.307,0.244
0.446,0.308,0.246
0.444,0.309,0.247
0.443,0.310,0.247
0.440,0.315,0.245
0.437,0.317,0.245
0.438,0.316,0.246
0.437,0.315,0.248
0.437,0.312,0.251
0.439,0.307,0.255
0.440,0.304,0.256
0.441,0.305,0.254
0.441,0.308,0.252
0.441,0.308,0.251
0.441,0.309,0.250
0.442,0.307,0.251
0.443,0.304,0.252
0.444,0.299,0.257
0.443,0.292,0.265
0.439,0.282,0.279
0.436,0.278,0.286
0.438,0.282,0.280
0.440,0.286,0.274
0.439,0.286,0.275
0.439,0.287,0.274
0.438,0.289,0.274
0.436,0.291,0.273
0.436,0.296,0.268
0.437,0.300,0.263
0.438,0.303,0.259
0.436,0.307,0.256
0.432,0.311,0.257
0.431,0.311,0.258
0.430,0.311,0.259
0.430,0.310,0.260
0.431,0.309,0.261
0.433,0.306,0.261
0.437,0.302,0.262
0.437,0.300,0.263
0.435,0.300,0.265
0.433,0.298,0.269
0.433,0.297,0.271
0.432,0.297,0.271
0.436,0.296,0.268
0.438,0.296,0.266
0.441,0.296,0.263
0.443,0.297,0.260
0.443,0.297,0.260
0.442,0.297,0.260
0.442,0.297,0.261
0.439,0.297,0.263
0.435,0.298,0.267
0.432,0.297,0.270
0.431,0.297,0.272
0.431,0.296,0.273
0.434,0.296,0.270
0.440,0.297,0.263
0.444,0.298,0.258
0.441,0.298,0.261
0.435,0.296,0.269
0.430,0.293,0.278
0.426,0.287,0.287
0.427,0.282,0.291
0.430,0.279,0.291
0.437,0.275,0.289
0.441,0.272,0.287
0.442,0.270,0.288
0.441,0.268,0.290
0.440,0.268,0.292
0.434,0.272,0.294
0.425,0.281,0.294
0.420,0.294,0.286
0.422,0.304,0.274
0.429,0.317,0.254
0.437,0.320,0.242
0.446,0.315,0.239
0.451,0.309,0.240
0.457,0.305,0.238
0.455,0.307,0.238
0.447,0.313,0.240
0.446,0.315,0.239
0.443,0.319,0.238
0.437,0.327,0.236
0.423,0.338,0.239
0.400,0.347,0.252
0.382,0.337,0.281
0.377,0.320,0.303
0.380,0.308,0.312
0.385,0.297,0.318
0.390,0.289,0.321
0.397,0.284,0.319
0.405,0.286,0.309
0.417,0.297,0.286
0.436,0.309,0.256
0.462,0.312,0.225
0.485,0.305,0.209
0.500,0.293,0.207
0.504,0.286,0.210
0.503,0.286,0.211
0.502,0.287,0.211
0.500,0.291,0.209
0.497,0.296,0.207
0.496,0.297,0.207
0.491,0.298,0.211
0.486,0.293,0.220
0.496,0.277,0.227
0.518,0.253,0.229
0.524,0.252,0.224
0.523,0.260,0.217
0.520,0.269,0.211
0.510,0.284,0.206
0.503,0.288,0.209
0.501,0.284,0.215
0.501,0.283,0.216
0.501,0.285,0.214
0.502,0.286,0.212
0.507,0.284,0.209
0.511,0.277,0.212
0.510,0.272,0.218
0.499,0.274,0.227
0.481,0.279,0.240
0.464,0.276,0.260
0.455,0.276,0.268
0.457,0.282,0.261
0.464,0.290,0.246
0.475,0.294,0.230
0.487,0.294,0.219
0.498,0.290,0.212
0.500,0.288,0.211
0.501,0.288,0.212
0.501,0.288,0.212
0.501,0.287,0.212
0.501,0.287,0.212
0.501,0.287,0.212
0.501,0.287,0.212
0.501,0.288,0.211
0.500,0.289,0.211
0.500,0.288,0.212
0.500,0.288,0.212
0.498,0.290,0.212
0.494,0.293,0.213
0.489,0.295,0.216
0.476,0.299,0.225
0.463,0.300,0.237
0.458,0.297,0.245
0.457,0.293,0.250
0.453,0.293,0.254
0.445,0.293,0.262
0.434,0.295,0.271
0.427,0.297,0.276
0.418,0.300,0.282
0.408,0.304,0.288
0.403,0.308,0.290
0.400,0.310,0.290
0.399,0.311,0.290
0.397,0.314,0.289
0.396,0.317,0.286
0.394,0.319,0.287
0.393,0.322,0.285
0.393,0.326,0.281
0.392,0.326,0.282
0.393,0.326,0.281
0.393,0.325,0.282
0.393,0.323,0.285
0.393,0.321,0.286
0.396,0.326,0.278
0.400,0.332,0.268
0.402,0.334,0.264
0.403,0.338,0.260
0.401,0.338,0.261
0.399,0.337,0.264
0.399,0.338,0.263
0.399,0.336,0.265
0.401,0.332,0.267
0.402,0.327,0.271
0.401,0.321,0.278
0.401,0.316,0.283
0.400,0.313,0.287
0.400,0.313,0.287
0.403,0.318,0.279
0.405,0.324,0.271
0.400,0.313,0.287
0.403,0.318,0.279
0.405,0.324,0.271
0.410,0.330,0.260
0.418,0.332,0.250
0.427,0.328,0.245
0.436,0.308,0.255
0.440,0.288,0.271
0.441,0.276,0.283
0.444,0.275,0.281
0.447,0.284,0.269
0.449,0.301,0.250
0.452,0.304,0.244
0.457,0.308,0.235
0.462,0.310,0.228
0.474,0.299,0.226
0.475,0.300,0.225
0.471,0.301,0.227
0.476,0.294,0.230
0.476,0.283,0.241
0.467,0.271,0.263
0.476,0.294,0.230
0.476,0.283,0.241
0.467,0.271,0.263
0.439,0.273,0.288
0.424,0.281,0.295
0.428,0.281,0.291
0.437,0.279,0.284
0.444,0.277,0.280
0.445,0.277,0.279
0.445,0.277,0.278
0.446,0.277,0.277
0.445,0.278,0.277
0.445,0.279,0.276
0.446,0.279,0.275
0.448,0.280,0.272
0.449,0.280,0.271
0.447,0.280,0.273
0.442,0.281,0.278
0.437,0.283,0.281
0.434,0.284,0.282
0.434,0.285,0.282
0.433,0.286,0.282
0.432,0.286,0.282
0.429,0.286,0.285
0.427,0.286,0.287
0.427,0.283,0.290
0.431,0.280,0.289
0.438,0.277,0.285
0.445,0.277,0.278
0.443,0.277,0.280
0.447,0.275,0.278
0.445,0.286,0.269
0.441,0.293,0.266
0.448,0.285,0.267
0.450,0.283,0.266
0.459,0.284,0.258
0.468,0.283,0.249
0.477,0.286,0.237
0.484,0.287,0.229
0.489,0.286,0.225
0.490,0.286,0.224
0.487,0.286,0.226
0.484,0.287,0.230
0.483,0.288,0.229
0.483,0.288,0.229
0.483,0.288,0.230
0.483,0.289,0.228
0.483,0.291,0.226
0.484,0.290,0.226
0.483,0.288,0.229
0.480,0.289,0.231
0.477,0.289,0.233
0.472,0.289,0.239
0.458,0.291,0.251
0.443,0.292,0.265
0.424,0.295,0.281
0.417,0.296,0.287
0.424,0.294,0.282
0.432,0.293,0.275
0.441,0.294,0.265
0.450,0.294,0.256
0.456,0.295,0.248
0.465,0.297,0.238
0.468,0.297,0.235
0.468,0.297,0.236
0.467,0.296,0.237
0.463,0.294,0.243
0.454,0.291,0.255
0.451,0.288,0.261
0.447,0.288,0.264
0.444,0.289,0.267
0.439,0.291,0.270
0.438,0.295,0.267
0.442,0.300,0.258
0.450,0.304,0.246
0.463,0.304,0.232
0.470,0.304,0.226
0.472,0.304,0.224
0.477,0.303,0.220
0.480,0.302,0.217
0.479,0.303,0.218
0.468,0.305,0.226
0.451,0.304,0.245
0.442,0.299,0.259
0.434,0.293,0.273
0.418,0.288,0.294
0.407,0.289,0.303
0.402,0.293,0.305
0.401,0.296,0.303
0.402,0.297,0.301
0.404,0.296,0.300
0.406,0.295,0.299
0.408,0.294,0.298
0.413,0.294,0.293
0.417,0.295,0.288
0.420,0.295,0.285
0.423,0.296,0.281
0.423,0.296,0.281
0.423,0.296,0.281
0.423,0.296,0.281
0.423,0.296,0.281
0.423,0.296,0.281
0.424,0.296,0.280
0.423,0.297,0.280
0.422,0.296,0.282
0.419,0.295,0.286
0.416,0.293,0.291
0.417,0.292,0.290
0.421,0.294,0.285
0.425,0.295,0.281
0.426,0.296,0.279
0.426,0.295,0.279
0.428,0.295,0.277
0.431,0.297,0.272
0.435,0.300,0.265
0.440,0.302,0.258
0.444,0.304,0.252
0.444,0.304,0.252
0.446,0.304,0.249
0.449,0.305,0.246
0.449,0.306,0.245
0.449,0.305,0.246
0.447,0.304,0.249
0.448,0.307,0.246
0.451,0.310,0.239
0.451,0.311,0.238
0.452,0.312,0.236
0.461,0.314,0.225
0.473,0.313,0.214
0.484,0.309,0.208
0.494,0.302,0.204
0.500,0.296,0.204
0.502,0.292,0.206
0.502,0.289,0.209
0.501,0.288,0.211
0.502,0.287,0.211
0.503,0.286,0.211
0.502,0.286,0.212
0.500,0.287,0.213
0.500,0.286,0.214
0.499,0.286,0.215
0.499,0.286,0.215
0.499,0.286,0.215
0.500,0.286,0.214
0.500,0.287,0.213
0.501,0.287,0.212
0.502,0.287,0.211
0.502,0.286,0.211
0.502,0.286,0.211
0.502,0.287,0.211
0.502,0.287,0.211
0.501,0.288,0.211
0.501,0.287,0.212
0.500,0.288,0.212
0.500,0.288,0.212
0.500,0.289,0.211
0.500,0.290,0.210
0.500,0.291,0.210
0.500,0.291,0.209
0.500,0.291,0.209
0.500,0.291,0.209
0.499,0.293,0.208
0.497,0.295,0.208
0.494,0.297,0.209
0.485,0.302,0.213
0.472,0.303,0.225
0.460,0.302,0.238
0.447,0.301,0.252
0.437,0.302,0.262
0.430,0.301,0.269
0.423,0.300,0.277
0.417,0.299,0.284
0.412,0.298,0.290
0.408,0.298,0.294
0.406,0.300,0.294
0.407,0.301,0.291
0.410,0.302,0.288
0.411,0.303,0.286
0.413,0.303,0.283
0.415,0.303,0.282
0.418,0.303,0.279
0.417,0.304,0.279
0.417,0.305,0.278
0.420,0.304,0.276
0.425,0.302,0.273
0.430,0.300,0.269
0.436,0.298,0.266
0.437,0.297,0.266
0.437,0.298,0.266
0.437,0.298,0.266
0.436,0.299,0.265
0.436,0.299,0.264
0.439,0.299,0.262
0.442,0.299,0.259
0.445,0.299,0.256
0.447,0.299,0.254
0.448,0.300,0.252
0.441,0.300,0.258
0.429,0.302,0.270
0.415,0.307,0.278
0.431,0.321,0.247
0.435,0.262,0.303
0.410,0.282,0.308
0.437,0.268,0.295
0.470,0.275,0.255
0.472,0.299,0.229
0.456,0.309,0.235
0.472,0.291,0.236
0.456,0.265,0.279
0.436,0.282,0.282
0.416,0.308,0.275
0.473,0.255,0.272
0.487,0.271,0.242
0.391,0.386,0.223
0.358,0.389,0.252
0.367,0.356,0.278
0.361,0.323,0.316
0.353,0.314,0.333
0.352,0.305,0.342
0.350,0.304,0.346
0.348,0.303,0.349
0.348,0.300,0.353
0.350,0.300,0.350
0.352,0.301,0.347
0.349,0.303,0.348
0.347,0.305,0.348
0.349,0.303,0.349
0.373,0.287,0.340
0.398,0.274,0.328
0.395,0.280,0.325
0.386,0.291,0.323
0.383,0.298,0.319
0.395,0.301,0.304
0.403,0.313,0.284
0.394,0.341,0.265
0.392,0.360,0.249
0.408,0.362,0.230
0.423,0.357,0.220
0.433,0.351,0.215
0.424,0.359,0.217
0.388,0.381,0.231
0.361,0.395,0.244
0.339,0.415,0.246
0.333,0.427,0.241
0.339,0.430,0.230
0.354,0.427,0.219
0.375,0.413,0.211
0.394,0.397,0.209
0.417,0.372,0.211
0.438,0.346,0.216
0.453,0.324,0.223
0.467,0.305,0.228
0.468,0.302,0.230
0.471,0.300,0.229
0.460,0.314,0.225
0.433,0.348,0.220
0.407,0.377,0.216
0.394,0.391,0.215
0.390,0.394,0.216
0.385,0.398,0.217
0.378,0.401,0.221
0.367,0.406,0.227
0.364,0.397,0.239
0.369,0.379,0.252
0.371,0.363,0.266
0.378,0.345,0.277
0.379,0.322,0.299
0.377,0.309,0.315
0.372,0.301,0.327
0.364,0.302,0.334
0.358,0.303,0.339
0.360,0.301,0.339
0.361,0.302,0.337
0.362,0.305,0.332
0.362,0.308,0.330
0.367,0.306,0.327
0.374,0.300,0.326
0.380,0.296,0.324
0.384,0.298,0.318
0.383,0.305,0.312
0.379,0.317,0.303
0.370,0.338,0.291
0.358,0.363,0.279
0.347,0.383,0.270
0.338,0.409,0.253
0.351,0.421,0.229
0.388,0.395,0.217
0.418,0.352,0.230
0.430,0.306,0.264
0.427,0.276,0.297
0.422,0.265,0.312
0.423,0.267,0.310
0.428,0.273,0.299
0.430,0.295,0.275
0.424,0.330,0.246
0.409,0.361,0.229
0.389,0.386,0.225
0.373,0.397,0.230
0.363,0.400,0.237
0.358,0.400,0.242
0.357,0.404,0.240
0.359,0.405,0.236
0.370,0.404,0.226
0.392,0.389,0.218
0.425,0.353,0.222
0.459,0.305,0.236
0.392,0.389,0.218
0.425,0.353,0.222
0.459,0.305,0.236
0.494,0.250,0.256
0.501,0.237,0.261
0.501,0.235,0.263
0.501,0.232,0.267
0.492,0.235,0.273
0.472,0.244,0.285
0.442,0.251,0.306
0.431,0.255,0.313
0.409,0.251,0.340
0.392,0.250,0.359
0.392,0.249,0.359
0.391,0.250,0.359
0.397,0.250,0.353
0.425,0.253,0.322
0.452,0.283,0.265
0.451,0.306,0.243
0.445,0.326,0.228
0.410,0.372,0.218
0.365,0.403,0.233
0.353,0.386,0.261
0.350,0.365,0.284
0.356,0.340,0.304
0.358,0.329,0.313
0.357,0.330,0.313
0.354,0.338,0.308
0.352,0.349,0.299
0.351,0.358,0.291
0.357,0.354,0.289
0.365,0.334,0.301
0.367,0.309,0.323
0.369,0.294,0.337
0.374,0.284,0.343
0.380,0.275,0.345
0.386,0.266,0.348
0.392,0.261,0.347
0.392,0.263,0.345
0.400,0.271,0.329
0.423,0.286,0.291
0.443,0.301,0.256
0.462,0.308,0.231
0.485,0.303,0.212
0.501,0.295,0.204
0.503,0.292,0.206
0.503,0.288,0.209
0.500,0.288,0.212
0.496,0.288,0.216
0.497,0.280,0.223
0.499,0.273,0.228
0.503,0.271,0.226
0.505,0.278,0.217
0.505,0.283,0.212
0.505,0.288,0.206
0.504,0.297,0.199
0.504,0.297,0.199
0.504,0.297,0.199
0.504,0.296,0.200
0.504,0.290,0.206
0.502,0.279,0.219
0.502,0.273,0.224
0.500,0.273,0.227
0.496,0.273,0.231
0.496,0.274,0.231
0.496,0.272,0.233
0.494,0.277,0.229
0.496,0.278,0.226
0.494,0.286,0.221
0.496,0.284,0.220
0.498,0.281,0.221
0.496,0.286,0.218
0.496,0.287,0.217
0.498,0.294,0.208
0.502,0.295,0.203
0.505,0.296,0.199
0.510,0.293,0.197
0.511,0.291,0.197
0.511,0.291,0.198
0.511,0.290,0.199
0.511,0.291,0.199
0.510,0.289,0.201
0.503,0.287,0.210
0.493,0.289,0.218
0.486,0.292,0.223
0.476,0.298,0.226
0.473,0.299,0.228
0.470,0.302,0.228
0.464,0.305,0.231
0.455,0.305,0.240
0.446,0.305,0.249
0.439,0.303,0.258
0.433,0.304,0.263
0.433,0.311,0.255
0.444,0.315,0.241
0.461,0.317,0.222
0.474,0.316,0.210
0.482,0.313,0.205
0.488,0.310,0.202
0.493,0.303,0.203
0.497,0.299,0.204
0.497,0.300,0.204
0.495,0.301,0.204
0.492,0.306,0.202
0.491,0.308,0.201
0.497,0.307,0.196
0.499,0.310,0.191
0.503,0.309,0.189
0.508,0.304,0.188
0.517,0.293,0.189
0.521,0.286,0.193
0.522,0.277,0.201
0.517,0.270,0.213
0.507,0.269,0.224
0.496,0.274,0.230
0.489,0.285,0.226
0.490,0.290,0.220
0.495,0.293,0.212
0.497,0.302,0.201
0.497,0.314,0.189
0.500,0.308,0.192
0.500,0.313,0.187
0.497,0.322,0.182
0.493,0.324,0.184
0.468,0.323,0.210
0.445,0.327,0.227
0.437,0.340,0.223
0.449,0.347,0.204
0.484,0.333,0.183
0.500,0.333,0.167
0.506,0.333,0.161
0.512,0.345,0.143
0.518,0.337,0.145
0.519,0.346,0.136
0.520,0.333,0.147
0.507,0.329,0.164
0.500,0.324,0.176
0.485,0.333,0.182
0.484,0.328,0.187
0.478,0.328,0.194
0.494,0.346,0.160
0.500,0.352,0.148
0.505,0.351,0.144
0.504,0.365,0.130
0.496,0.376,0.128
0.493,0.373,0.134
0.476,0.366,0.159
0.452,0.348,0.200
0.513,0.295,0.192
0.506,0.292,0.202
0.498,0.291,0.211
0.485,0.292,0.223
0.477,0.291,0.233
0.472,0.296,0.232
0.467,0.299,0.234
0.464,0.297,0.238
0.456,0.292,0.252
0.449,0.292,0.259
0.447,0.291,0.262
0.510,0.249,0.241
0.480,0.266,0.254
0.430,0.292,0.278
0.388,0.309,0.303
0.387,0.309,0.304
0.382,0.314,0.303
0.373,0.325,0.302
0.379,0.329,0.292
0.368,0.348,0.284
0.361,0.366,0.273
0.351,0.380,0.269
0.444,0.279,0.277
0.446,0.278,0.276
0.443,0.279,0.279
0.441,0.279,0.279
0.443,0.278,0.280
0.447,0.278,0.276
0.455,0.283,0.262
0.460,0.289,0.251
0.462,0.290,0.248
0.451,0.289,0.259
0.460,0.282,0.259
0.457,0.285,0.258
0.446,0.288,0.266
0.441,0.283,0.276
0.431,0.285,0.285
0.444,0.286,0.271
0.453,0.287,0.260
0.457,0.283,0.260
0.456,0.285,0.259
0.455,0.287,0.257
0.452,0.290,0.258
0.455,0.288,0.258
0.440,0.269,0.291
0.445,0.261,0.294
0.462,0.251,0.287
0.487,0.243,0.270
0.507,0.238,0.255
0.511,0.239,0.250
0.504,0.248,0.248
0.496,0.257,0.248
0.494,0.258,0.248
0.501,0.251,0.247
0.509,0.243,0.247
0.508,0.238,0.254
0.490,0.241,0.269
0.473,0.245,0.282
0.463,0.247,0.290
0.449,0.249,0.302
0.432,0.252,0.316
0.417,0.255,0.328
0.408,0.254,0.338
0.399,0.255,0.347
0.389,0.258,0.353
0.389,0.261,0.351
0.391,0.265,0.345
0.395,0.265,0.341
0.394,0.267,0.340
0.394,0.267,0.340
0.394,0.265,0.341
0.411,0.275,0.314
0.431,0.265,0.304
0.457,0.255,0.288
0.480,0.243,0.276
0.498,0.236,0.266
0.509,0.238,0.253
0.506,0.253,0.241
0.494,0.275,0.231
0.474,0.305,0.222
0.407,0.341,0.251
0.401,0.349,0.250
0.402,0.352,0.246
0.416,0.345,0.238
0.410,0.348,0.242
0.397,0.351,0.252
0.397,0.343,0.260
0.389,0.339,0.272
0.380,0.337,0.283
0.409,0.251,0.340
0.405,0.253,0.342
0.401,0.255,0.344
0.394,0.257,0.349
0.386,0.262,0.351
0.382,0.265,0.353
0.378,0.266,0.356
0.375,0.268,0.357
0.378,0.266,0.356
0.392,0.258,0.350
0.396,0.256,0.348
0.397,0.257,0.346
0.396,0.257,0.347
0.391,0.260,0.349
0.387,0.261,0.351
0.384,0.262,0.354
0.379,0.265,0.356
0.377,0.266,0.356
0.376,0.268,0.356
0.366,0.352,0.282
0.361,0.371,0.268
0.360,0.384,0.256
0.354,0.397,0.249
0.351,0.408,0.241
0.359,0.411,0.230
0.377,0.403,0.221
0.402,0.382,0.216
0.429,0.349,0.222
0.434,0.289,0.277
0.432,0.318,0.250
0.420,0.353,0.227
0.398,0.380,0.222
0.373,0.392,0.235
0.358,0.383,0.259
0.355,0.367,0.277
0.354,0.357,0.289
0.353,0.348,0.299
0.358,0.338,0.304
0.366,0.329,0.305
0.375,0.319,0.306
0.386,0.312,0.302
0.399,0.306,0.295
0.410,0.303,0.288
0.419,0.300,0.280
0.429,0.304,0.267
0.431,0.334,0.235
0.447,0.341,0.212
0.489,0.319,0.192
0.507,0.294,0.199
0.501,0.285,0.214
0.500,0.281,0.219
0.494,0.274,0.232
0.502,0.278,0.220
0.509,0.295,0.196
0.509,0.313,0.178
0.507,0.316,0.177
0.505,0.319,0.176
0.511,0.312,0.176
0.511,0.305,0.185
0.510,0.294,0.196
0.508,0.285,0.208
0.504,0.275,0.221
0.503,0.272,0.225
0.504,0.280,0.215
0.507,0.285,0.208
0.507,0.292,0.201
0.505,0.295,0.200
0.498,0.302,0.200
0.491,0.306,0.203
0.471,0.316,0.214
0.435,0.315,0.250
0.418,0.305,0.277
0.401,0.296,0.304
0.378,0.282,0.340
0.372,0.282,0.346
0.368,0.284,0.348
0.365,0.284,0.351
0.378,0.273,0.350
0.399,0.260,0.342
0.455,0.249,0.296
0.474,0.247,0.279
0.524,0.236,0.240
0.525,0.237,0.238
0.529,0.241,0.230
0.540,0.247,0.214
0.537,0.260,0.203
0.511,0.272,0.216
0.511,0.247,0.242
0.501,0.241,0.259
0.452,0.266,0.282
0.410,0.275,0.315
0.380,0.264,0.356
0.375,0.252,0.373
0.378,0.252,0.370
0.391,0.258,0.351
0.397,0.262,0.341
0.411,0.274,0.315
0.431,0.285,0.285
0.441,0.287,0.272
0.440,0.289,0.271
0.449,0.283,0.267
0.435,0.248,0.317
0.414,0.255,0.331
0.402,0.255,0.342
0.400,0.255,0.344
0.390,0.252,0.358
0.386,0.256,0.358
0.380,0.258,0.362
0.378,0.262,0.359
0.385,0.270,0.344
0.394,0.272,0.334
0.384,0.265,0.351
0.382,0.264,0.354
0.385,0.269,0.346
0.380,0.267,0.353
0.381,0.269,0.350
0.386,0.271,0.343
0.407,0.275,0.318
0.429,0.278,0.293
0.422,0.328,0.250
0.416,0.315,0.269
0.393,0.318,0.289
0.380,0.319,0.302
0.368,0.321,0.311
0.367,0.319,0.314
0.370,0.318,0.312
0.375,0.316,0.309
0.387,0.310,0.303
0.401,0.304,0.295
0.488,0.282,0.230
0.501,0.272,0.227
0.513,0.261,0.225
0.525,0.253,0.222
0.530,0.245,0.225
0.533,0.244,0.223
0.532,0.252,0.216
0.527,0.265,0.208
0.521,0.275,0.204
0.520,0.276,0.203
0.521,0.272,0.207
0.519,0.271,0.210
0.503,0.292,0.205
0.505,0.288,0.207
0.511,0.278,0.211
0.511,0.275,0.214
0.505,0.280,0.215
0.502,0.284,0.213
0.501,0.287,0.212
0.504,0.289,0.207
0.509,0.284,0.206
0.507,0.282,0.210
0.500,0.281,0.219
0.497,0.283,0.220
0.497,0.285,0.218
0.498,0.286,0.216
0.499,0.285,0.215
0.499,0.285,0.216
0.501,0.284,0.215
0.491,0.289,0.221
0.495,0.287,0.218
0.499,0.285,0.215
0.503,0.285,0.212
0.505,0.283,0.212
0.500,0.285,0.214
0.476,0.295,0.229
0.429,0.287,0.284
0.390,0.293,0.317
0.395,0.343,0.262
0.397,0.341,0.262
0.385,0.325,0.289
0.405,0.280,0.314
0.467,0.284,0.249
0.514,0.270,0.217
0.501,0.286,0.213
0.497,0.273,0.230
0.485,0.292,0.223
0.470,0.312,0.218
0.482,0.290,0.228
0.489,0.286,0.225
0.492,0.281,0.227
0.493,0.282,0.225
0.494,0.283,0.222
0.500,0.283,0.217
0.504,0.281,0.214
0.506,0.281,0.213
0.504,0.281,0.215
0.501,0.283,0.216
0.494,0.289,0.217
0.475,0.293,0.232
0.385,0.251,0.364
0.382,0.249,0.370
0.380,0.247,0.373
0.382,0.246,0.372
0.390,0.247,0.363
0.397,0.250,0.353
0.402,0.248,0.350
0.407,0.242,0.352
0.429,0.255,0.316
0.494,0.289,0.217
0.496,0.288,0.216
0.503,0.285,0.213
0.506,0.284,0.210
0.500,0.286,0.214
0.504,0.286,0.210
0.509,0.289,0.202
0.508,0.289,0.203
0.505,0.292,0.203
0.506,0.294,0.200
0.498,0.287,0.214
0.499,0.286,0.215
0.498,0.290,0.212
0.495,0.294,0.211
0.501,0.286,0.213
0.498,0.284,0.219
0.496,0.287,0.216
0.413,0.300,0.287
0.428,0.299,0.274
0.425,0.299,0.276
0.405,0.303,0.291
0.388,0.308,0.304
0.377,0.310,0.313
0.371,0.315,0.314
0.368,0.326,0.305
0.371,0.342,0.287
0.379,0.355,0.266
0.385,0.358,0.257
0.391,0.359,0.249
0.391,0.362,0.247
0.389,0.361,0.249
0.385,0.363,0.252
0.386,0.362,0.251
0.387,0.364,0.248
0.385,0.363,0.252
0.386,0.362,0.251
0.387,0.364,0.248
0.378,0.365,0.257
0.379,0.365,0.256
0.385,0.366,0.249
0.396,0.362,0.243
0.409,0.354,0.237
0.429,0.333,0.238
0.448,0.304,0.247
0.451,0.296,0.254
0.482,0.291,0.226
0.488,0.290,0.222
0.496,0.290,0.215
0.502,0.289,0.209
0.506,0.289,0.205
0.509,0.289,0.202
0.514,0.289,0.197
0.519,0.289,0.193
0.525,0.287,0.188
0.529,0.286,0.185
0.531,0.286,0.183
0.530,0.286,0.184
0.527,0.287,0.186
0.524,0.286,0.189
0.522,0.286,0.192
0.516,0.285,0.199
0.512,0.283,0.205
0.507,0.283,0.210
0.502,0.285,0.213
0.506,0.311,0.183
0.513,0.307,0.180
0.521,0.301,0.178
0.521,0.298,0.182
0.519,0.295,0.186
0.517,0.293,0.190
0.515,0.290,0.195
0.513,0.287,0.200
0.510,0.284,0.206
0.507,0.283,0.210
0.502,0.285,0.213
0.481,0.263,0.256
0.474,0.263,0.263
0.468,0.275,0.257
0.463,0.292,0.246
0.456,0.297,0.247
0.451,0.291,0.258
0.450,0.287,0.263
0.444,0.292,0.264
0.441,0.295,0.264
0.438,0.298,0.265
0.435,0.298,0.267
0.406,0.296,0.297
0.411,0.294,0.295
0.420,0.290,0.290
0.432,0.284,0.283
0.438,0.286,0.276
0.423,0.291,0.286
0.389,0.311,0.300
0.362,0.330,0.308
0.355,0.333,0.312
0.358,0.332,0.310
0.370,0.327,0.303
0.386,0.320,0.294
0.411,0.307,0.283
0.431,0.249,0.320
0.416,0.252,0.332
0.397,0.256,0.346
0.380,0.265,0.355
0.358,0.282,0.360
0.347,0.297,0.356
0.344,0.304,0.352
0.342,0.316,0.342
0.515,0.286,0.199
0.514,0.278,0.208
0.502,0.275,0.223
0.491,0.274,0.235
0.477,0.275,0.247
0.459,0.285,0.256
0.458,0.285,0.257
0.452,0.276,0.272
0.436,0.331,0.232
0.436,0.283,0.280
0.414,0.260,0.325
0.393,0.252,0.356
0.378,0.251,0.371
0.368,0.251,0.381
0.366,0.250,0.384
0.368,0.251,0.381
0.372,0.252,0.376
0.384,0.251,0.365
0.370,0.348,0.283
0.366,0.355,0.280
0.370,0.348,0.283
0.363,0.352,0.286
0.367,0.344,0.289
0.360,0.348,0.292
0.360,0.349,0.291
0.354,0.341,0.305
0.342,0.354,0.304
0.333,0.359,0.308
0.333,0.359,0.308
0.342,0.354,0.304
0.338,0.350,0.312
0.261,0.319,0.420
0.271,0.300,0.429
0.261,0.304,0.435
0.242,0.323,0.435
0.230,0.328,0.443
0.217,0.333,0.450
0.207,0.345,0.448
0.207,0.345,0.448
0.207,0.345,0.448
0.203,0.339,0.458
0.217,0.333,0.450
0.226,0.339,0.435
0.234,0.328,0.437
0.242,0.318,0.439
0.254,0.310,0.437
0.257,0.314,0.429
0.246,0.319,0.435
0.242,0.333,0.424
0.222,0.333,0.444
0.222,0.333,0.444
0.231,0.338,0.431
0.231,0.338,0.431
0.250,0.324,0.426
0.270,0.311,0.419
0.274,0.333,0.393
0.281,0.348,0.371
0.274,0.333,0.393
0.281,0.348,0.371
0.293,0.348,0.359
0.309,0.351,0.340
0.320,0.350,0.330
0.327,0.347,0.327
0.349,0.340,0.311
0.358,0.340,0.302
0.373,0.336,0.291
0.378,0.333,0.288
0.395,0.333,0.272
0.412,0.328,0.261
0.388,0.336,0.276
0.359,0.336,0.305
0.308,0.342,0.350
0.276,0.314,0.410
0.265,0.296,0.439
0.253,0.310,0.437
0.224,0.342,0.434
0.177,0.323,0.500
0.170,0.226,0.604
0.369,0.351,0.279
0.366,0.348,0.286
0.365,0.348,0.287
0.368,0.350,0.282
0.367,0.350,0.283
0.366,0.350,0.285
0.370,0.346,0.283
0.368,0.346,0.286
0.371,0.348,0.280
0.379,0.348,0.273
0.364,0.357,0.279
0.294,0.405,0.302
0.185,0.468,0.347
0.354,0.354,0.291
0.364,0.351,0.286
0.354,0.354,0.291
0.363,0.350,0.287
0.363,0.350,0.287
0.354,0.354,0.291
0.342,0.368,0.289
0.354,0.354,0.291
0.366,0.354,0.280
0.366,0.366,0.269
0.389,0.361,0.250













